32,7
32,5
32,4
14,8
32,1
32,3
34,4
34,1
34,3
14,9
14,4
10,303
10,137
10,259
10,269
10,103
10,145
10,267
10,85
11,9
11,27
11,16
11,14
11,19
9,5
8,8
8,15
8,7
8,13
8,10
8,5
19,2
18,1
18,3
14,1
14,5
14,3
13,1
88,5
88,4
88,3
88,2
88,1
88,0
85,4
85,3
85,2
85,1
85,0
84,11
84,10
84,9
84,8
13,3
2,2
2,1
2,3
84,7
84,6
84,5
84,4
84,3
84,2
84,1
84,0
80,6
80,5
80,4
80,3
80,2
80,1
80,0
79,4
79,3
79,2
79,1
79,0
75,5
75,4
75,3
75,2
75,1
75,0
73,4
73,3
73,2
73,1
73,0
72,5
72,4
72,3
72,1
69,3
69,1
67,8
67,7
67,6
67,5
67,4
67,3
67,2
67,1
64,5
64,4
64,3
64,1
62,5
62,1
49,4
49,3
49,1
48,4
48,3
48,1
46,4
46,3
46,1
38,6
38,5
38,4
38,3
